A1:
11000011000000101010110010110000 11000001110000111110010111101011 11000100101101010011111100010111 01000000110110100111100111111010 
01000001000001100100000010111110 11000011010011110010011001110000 01000010000010100101100011110101 11000001011010111110011000011001 
11000011100010111001011010000010 11000010101110001011010111011011 11000011010001111101101001011110 11000101010110111010100110010011 
01000100110111001000111100011100 11000011010011101110100001101100 11000000111111011001100101011111 11000100100101110010100100111000 
B1:
01000011111100001010001111000100 01000100101010111101000000111000 01000100111111010001011011010100 11000010101010100000111110000111 
01000011001111000110011110000100 01000011011011011011000011001101 01000010011100111010000001110111 11000010000001001110100101110011 
11000100110001100010000010111000 11000101011001001110100000011001 11000000100111000001101001000000 01000100110001110110111011001000 
01000010000001010011000011001000 11000100111001000010011101101001 11000010011111110110110011100101 11000000100000000110000110110000 

A2:
11000101000001001001110110111010 11000001011101111111010010111111 01000011001100100110000011111111 01000011110011001010010110011101 
01000100000010011101010111100111 01000100011000011110001010110000 01000011001100101001010111000100 11000101000001111111010111101100 
01000101001101110010110101110001 01000001101011000011111111010010 11000010111110100111100010011111 01000001010100000001111001011101 
01000001000000011110110011001100 01000011010010010010101101101111 01000010100111100000100000011001 01000011010010000100001101100100 
B2:
11000101011101001011011001011110 11000011001111111011001110101001 11000000111111101000010011110101 11000100000110000100100001110111 
11000010100000111110100110010001 01000001001000111110000000010110 11000010010111000110001000010110 11000001011100000100111101000111 
11000011100110110111001101110110 11000010010100111110011010100010 11000010010011010110011110101110 01000010100011110000100110101110 
01000000110100001000110111011000 11000000101001010111011101000111 01000101000101101011101001010000 01000100010010111101101110101011 

A3:
01000010010111101110010011011111 01000001111111000000001000101101 01000010011000011010110101011100 11000101011010111110011011011001 
01000100011100000010101000100110 11000101011001011111010101110101 01000010001100111111010101110011 11000100011111111011011110010100 
11000101001101110000101100111000 01000001110100011001001000100011 01000100101101010111111111001010 01000010011010100110110110000101 
11000101000010100001111101000111 01000011000101111001111011111100 01000100111011101100001110000111 11000011110101001110100101010001 
B3:
01000000101001101110110100010011 01000100111101101011010001100101 11000000100010001101101001101100 01000010111100110111111001000110 
11000101000100000111111001100011 01000100100101110101001010010111 01000000100010001010110101100001 01000011010110100000010101010101 
01000010111100100001111111000111 11000010011111100001110011100100 01000001110100000111001101101100 11000100011000011001000011100100 
01000001111101111111001110011001 11000010011010001100111110010111 01000001101010111111000010100110 11000001001100000011110100000000 

A4:
01000011010101000011000000000011 01000001101000100100001010011010 01000011000001011001111100001101 11000011111101001010111000001000 
11000001001101000101101110101010 01000001011101010100100011011101 11000011000111111101101000011011 01000001001001101001111001110100 
01000001011001111001110111110010 01000000111001011111110111101010 01000000110101110111001111000111 01000000111011100101001000001100 
01000100000001010001001011011001 01000011010110101001010100111000 11000100011010010110010111101000 11000010100101001110100010001011 
B4:
11000010000010001001010100000000 11000010010111010100100011100100 11000010010000011100000010001101 01000100110001001011011110000110 
01000000111011110101011111110011 01000010001101011011101000100010 01000011110011101110011001010110 01000001101101100010100011011111 
01000011100110101111011101101111 01000011011011010101100111101111 01000011010011001011110111010001 01000001000011101101001100100101 
01000100011001100110001001000111 11000011000100010001110111111111 01000100111000101001100111000111 11000011110101101000101110001111 

A5:
11000000111011110000010010001111 11000100000000011100011010101001 01000010010011010111100101001101 11000010111101001010101000110100 
01000001100010110111101110001101 01000010110001010110000000110111 11000010010001110110010010101001 01000011010110010111100110111010 
11000001001111010010010110001000 01000011000100101111000101101011 11000011110100101010010110110000 11000001000000111011011111111011 
01000101001111000111111000000111 01000100001100110011101000110000 11000010110111000110110011111111 11000011000000010011010110000111 
B5:
01000000101010001111111101100000 11000000101010110010100110110110 01000101011001000001011110101010 11000001000011011010011110000111 
01000010101101010100011001010100 11000001000110111010011010110101 01000010000000001011100001110101 11000100000110010010001101011010 
01000010011000000101010000101100 11000001111001110001100111110101 11000011110001100010010010101110 11000100001110111111000001010111 
01000010011011101111110110111110 01000101001011010011100111101111 11000100100000111110111000101011 01000101011100100100000110101000 

A6:
01000001001100110011100100101110 11000100110000010000010000100111 11000100001100010110011001111111 11000011100111111100101011101111 
01000010001110010000000011101000 01000001100000110101111011010110 11000101000111101011000000100011 01000000100010100000110101000010 
11000001101100001101111101111111 01000010001011010100111111001101 01000010111011101101011001101001 11000000111010011011000000100101 
01000010101000001011101001010100 01000011011100110110011111010010 01000001000010010101110111011010 01000100010001111000100110010110 
B6:
01000011101010011101110100010111 11000001100100010110100110101111 01000011101110000000110100001000 11000011101100111010111111000000 
11000101011001010110111101101111 11000001111111101110110010000110 01000011111011010110001010000001 01000011011111001000011000000010 
01000010011111111010001100100100 11000100111000111010000000110000 01000001100011000100101101110010 11000010011000101101011111011101 
01000011100100011110110100010011 11000010000010110010111101111110 01000001011110011101110000100010 01000001000001010101011101011110 

A7:
01000100001110100000100111100000 01000010111000101011110100110111 11000010000101010000000111001110 01000010000011001101011100010110 
01000100010000011011001010110100 01000010000000100000100111000100 11000010101101111010111110110111 01000101000101000110001110110110 
01000100100001010101110001100111 01000011100010000000001010001111 11000010011111111001010111011111 11000100110001110011110010010111 
11000100110101101101011001100100 01000101000110100100111111101101 11000001110101011101100101101000 01000011111010001010010110000100 
B7:
01000010001101010000100111001011 01000001111100001010011111101111 11000100111110110111111111000111 01000001111001000111100011010011 
11000100111100110101110000100001 11000101001010110010111010101100 01000011001011001100011100001100 01000000110111111010000011010100 
01000001001110100011101011110101 01000100101110010001101011001110 11000000110000100111011001001111 01000100001101011011010110001010 
11000010000010011111111010000010 11000000111001110101001111011100 11000011000011100110111000010001 11000010111000001110100101000101 

A8:
11000010110110100110101110101011 11000001110001010011000000001010 11000100101101101100100000100000 11000101011000101111011001010101 
01000101001100110101000101111111 11000010101001111111011011010100 01000100001001011110010011101100 11000100000110100111111101110011 
11000011110010111111011000111001 01000000110011101001110101010010 11000001100000101001000111111011 11000001011000000101111011010001 
11000011101110101100100001111011 11000011111011001110011101100001 01000010100101011001011110110100 11000100010100101111010111001100 
B8:
01000011101111111010111101110110 01000011011000001110110010001100 01000010011111100000101011111011 01000101010110100001010110000000 
01000001000001100100110101111000 11000010110000010101010000001100 11000000101111011101111011110010 01000101000111110111001010100011 
01000100011101001111111010111110 11000010010001011111000110010011 01000001011111111001011111001000 01000010000101111001111100110100 
11000000100101010011100100111011 01000100100110001100100010000111 01000100111100111011011110011001 11000100110111001110111001110010 

A9:
01000011110000100110010001101111 11000011001001010101001010110011 11000101000110101100110100110100 11000001100000011110111011000000 
11000001100001110001011101010111 01000010110110110111011101110010 11000101010111011111100100011100 01000100111110100110010111011101 
11000100100110100000001000110111 11000100100001000000110101001001 11000100001010010010001110010011 01000001001100101001011100100110 
11000001011011011010111010111110 01000010010110010010000101111101 01000011001110100000101101100110 11000100111101010000111101000010 
B9:
11000011011111100010110011110010 11000101001001000100110100011110 01000100000001011110101111001000 01000010111100011111110100101001 
01000011111111100000111110000000 01000011000111101100101111111001 11000001100100010001100111110010 11000001110110100010110001001101 
11000001001011111100010111001110 01000100000110100110001000110110 01000010001100110010011000110100 01000010010011001001111101110001 
01000000100010101010100000110000 01000010101001111111110101110000 01000010000011000010110001011101 11000101000000011110010010100110 

A10:
01000001111100101011110101100010 11000101001111010001110010111000 11000001101101001000100110011000 01000011000110010111001011011100 
01000001101010000101010011110100 01000001101110011000000111011100 01000011100011100101101001001111 11000011000100101001010100011000 
01000001010010100100010110010110 11000100001100011111011111000010 11000000100001101100001010111001 01000001110101101010111101110011 
11000101001001010011000010111001 11000010011001000111011100111000 01000011001111101100100110101110 11000001010001111001010000010001 
B10:
11000000100011101101110011111110 01000001001100001000110001111100 11000011000110000100000101110100 01000000101001101101010010101101 
11000000101101011000001000101011 01000101011101001100111011100001 01000100011110101011111001010000 01000010100011111001000010001101 
01000001001000101001110110001001 01000000111100001000000111110001 01000100100000001010100111010000 01000101010000111101011110101100 
01000010100111100100000000001010 01000101001100010010011110010010 01000010111101011011011101100000 11000001010110110111001011000011 

A11:
01000100100110010010000110010011 01000100101011000001001001000010 11000100010111100000001100111010 01000010010101010100010011001100 
01000010100000111100111100101000 11000011101001011011110001000111 01000001000110001101100000101110 01000100111010011111110010100110 
01000100110111010101110011110100 01000010010010010110001001111011 01000100110101111000000001010111 01000010110111001100001000010000 
01000001000001010010100010100101 01000011000100101111000010101011 01000011111001011101100101110010 01000010001001110010101101011110 
B11:
01000001110110001001100010010010 01000011101010100011000110001000 01000101010111000100101011011110 01000010001111001110010100100111 
11000011000101000011110111001001 11000001010101110000101001101111 01000100011001010101100011011111 01000011011110100010101100001110 
11000001100011010110010110110010 11000011000010101101111100011111 11000011010011000101010100000100 01000100111000000000000001010111 
01000010110001101100010001111110 11000010101000110111001100111100 11000011101100110111000000011011 11000011111010011100111111101111 

A12:
11000100011001101000011111111110 11000100000100101110011001011010 11000001111010101010001110011000 11000100011100010100100010100001 
11000101011000101000110000101011 01000010010110111011100011011101 11000010010111011101111111110100 11000010111110111101000000110111 
11000001101010101100110011010001 11000011100001010001110010101010 01000011111000111110011101100000 01000011001001111110101100000100 
11000100100110100111110010110101 01000100110010000010100100110110 01000001011001101001010010110011 01000100111111011101000000111100 
B12:
11000001010001110010101111111101 11000010000100101110011101100011 01000011111000001000101010111000 11000011100000011010100100001101 
11000101000111001000010111001001 11000001001111000010001000011010 01000010110010011001101000000011 11000011100100110111110101110100 
01000101010010101110000100001011 01000101000011001000011000101111 01000101010110001110011001011101 01000010001000001111011111000011 
11000101000001010100000100011111 11000010010011011001101000010101 01000010001110101011110101000101 11000010000100000001101101001111 

A13:
11000001110000100010110010100110 01000010011101100001001011000101 01000001100000101001111110011010 11000011110111000101110111110011 
11000010101111001110010110101100 11000011000001000101011110011000 01000001011100001100101010111100 01000001100010011010000111111101 
11000011000010000100100110000110 01000011100100100011010011001110 11000010010000000101100101010011 11000010101011010110100111011101 
11000011001101110000011001101101 01000101011100010011110110100011 11000001001000001010000011100100 11000010101110010101111011011001 
B13:
01000010100110000010001001101100 01000001111101001011011101001011 11000001011101110100001000101101 11000011101111001101110101110110 
11000000111010011000100100010001 11000100111010100110101100100110 01000000101011110011110000001000 11000011100010100100000100100000 
11000001010011010000101000111010 01000101000100001101111001011100 01000011000110110101010100111110 01000010110101101101011001100101 
11000010011000100111110111000000 01000100110000100111010111101100 11000101001010001010111000010000 11000100010110101110011101110011 

A14:
01000010100011111111001101101011 01000011100001011110111111011100 01000001010010101101110011000000 01000101010000011100001011001100 
11000101000011110011111011110101 11000101000110100111010111101110 01000100111000011100011001000010 01000010100001000111011011010011 
01000011000110010101000111000010 11000010101110001011100001010101 11000100111011101010010100010010 01000010001111001110111110011001 
01000011100000110011000010101001 01000001100001000001000001001110 11000011011101011100100001100001 11000101001000110100100100000110 
B14:
11000011111111110011010100001110 01000010110001001100110011110111 01000011010000101101011100011101 01000100000001100000010000010010 
01000000101000000110100110110000 01000010101111101010011111001101 11000100110000100110000011111110 11000101001001100111011100100011 
11000101011110110100011010111011 01000001110101100101100000000100 01000001101001100100111000100111 11000010010000101111000111000000 
01000010001110001100001110000001 01000000100011100101110101111100 01000000110000011011100101011110 01000100010000000000111110100000 

A15:
01000100001000100110000111011011 11000010011110100011000101100001 11000100001110100010010000001101 11000011111000010111001000101100 
11000100011110000111010100000100 01000101001010110101010010100001 11000011100010001001010111100001 01000010101101000111001010100011 
01000011001010100111101010111111 11000000101111101010110110011101 11000000110111010001111001111100 01000000101100011010010010001001 
01000011111110111010111101101001 01000001011001001101100011100010 01000001101010000011101110101001 01000000100001010111111111010111 
B15:
01000001000001010001010000111000 11000010110101000111100100001011 11000001110110001000101101100011 01000010000000110100101110000010 
11000011001001011001001110001111 01000100011101011011001111101001 01000001110101101000101100001101 01000011110000110010110000111111 
11000101001100100001010111100100 11000011000111010100101111010110 11000011101010010111010010111101 01000100110000011111011101110110 
11000001111000100010101110000110 11000011001110111111001101010000 11000101001111001110010100010010 01000001110100100111001001011111 

A16:
01000011010001000100010101111010 01000010101100111011111111110010 11000011110011101011001010001110 01000101011111010111011111001100 
11000000101101100010111001011110 11000100011000110100100101011101 11000100010010100000010100000010 11000011001100100000101101111001 
01000000101001000110111011100000 01000101000110001101101101010110 01000101010011001100110010101000 11000010011111101110111001101000 
01000000100011001100011101011001 11000011101111010001100010110011 11000010011101001111000101010000 01000010000100111000101100011111 
B16:
01000101010110010001110110100111 01000100001011101010001010100001 01000000111110010111001110111111 11000011101110101001101110000111 
11000000110101011110111110001100 01000011011010101001001011111110 11000001111111011011111000010000 11000100110000110001000111011110 
11000001000000111110001011110111 11000011011000111110110011110110 01000100001100001100010100011100 01000100110000000001000100011100 
11000010101000100111101110100111 11000100001011010100001110010110 11000100101101011011100110101110 11000010010111011000011010011001 

A17:
01000000101110011110100000101001 01000001111001100001100111001110 11000101000100100010100111000010 01000100110101111001110111011100 
01000000110111001000101001101100 11000010011111011010001110010101 01000000100011100101110101100100 01000101000010011100110001011001 
01000101001110010000110100111110 01000101001011001000011111011111 01000000111100000011011100100011 11000101001000000101111000111000 
11000100000110110110100001111110 11000010000100010001000100111100 11000011011010111010011100100100 11000100011110010010011110000001 
B17:
01000010001010111101101100101101 11000011011011100011100010000100 11000101011100100000101111010101 01000100010000010111100111001011 
01000100100100110011110010111000 01000001100000100111011000000000 01000011001011011111111001010010 11000001100110110001111011100000 
11000011111100001000010101001100 11000100000100101001111011001011 01000011100111101100111100001111 01000010000111011111100101111011 
01000100010101011111011000011001 11000001011011101110001000111101 01000010101111100101111101101111 01000101011100101101011001001010 

A18:
11000101011111011000110110111100 11000011011001100110111110010111 01000100100101011010110110110001 01000011001111101010110111111011 
11000010000100110110001001100000 01000011110110001101111010000000 11000101010100001101010101100011 11000010000001010010011100011001 
11000100111011001111111011000011 11000011100111010111101001011111 11000101000110001111010010110111 01000100111101101011001101000011 
01000010001110100000101101001010 11000010110100101101000001110000 11000011101101010110110110001111 01000101010010011111000000111000 
B18:
01000011011100101111011011000001 11000010100110101110000000010110 11000101000110001011101111110010 01000100000001001011111110001010 
01000010110001001100000010000101 11000011011011101101100001010000 11000011100110110000000100001010 11000011011111100101100101011111 
11000001110010110111011011000111 11000011101010101000011101101001 01000001000010110101111010011101 01000101011001001100000110010111 
01000001011111010100010001010101 01000100101010101001111001000001 01000001111001000101110010101100 01000001101100100111001100100111 

A19:
11000100100001000101101010100101 11000010010111110010111001011001 01000010100111010011001110011111 11000100111000101101101100110011 
01000101000100001101000001110001 01000010111101100101100101100101 11000010111011101000011011001100 01000011000100110011000011001010 
11000000100000101011011001111001 11000010111001011111100010110000 11000001100110100110000111001010 11000011001110010101111010101101 
11000001011010000000101101010011 11000010111100100100100100000101 11000010100110100110111011010010 11000101001011001011000111110100 
B19:
11000100111111101000011111011001 01000001010100111001110101100011 11000100011100111011011101110100 11000001000011111010110100101110 
11000001010110100111101000010010 01000100000001011111101100001011 01000001001001101001100011010010 11000001110100100010110100000110 
11000000101011111010111001001011 11000001001110010110011100011101 11000010000101100110000101101100 01000011100011101000100011100001 
01000001001110010101010111111001 11000001101011001110000011111011 01000101000101000010100000000100 11000011101001111101001110010101 

A20:
01000100100111001001011110111101 01000011001010111100111100000010 01000100001110000001100110100110 11000010011101011111100001001011 
01000101001100111001010101111011 01000001000101111001101100010001 01000011000000100000000000111001 11000010100011100010100100000111 
11000001011000011101000110100100 11000001001000011010100110011000 11000011101010001000101110000110 11000100100111100001001000111011 
01000001100010101001110100000001 01000000100110111100011011111101 11000011111100000001010001111110 01000011110101100100010101001110 
B20:
11000101011010001100000100110010 01000101010100110001010111010010 11000010001001110101110101111010 01000001110001011000100000110111 
01000011111110000101101100110101 11000100011110110011111101011100 01000100001000001001101101110000 11000000100010101110110110011101 
11000011110111110000100110011110 01000100100110001110101001111001 01000000101000001001011011000011 11000011011111100100110001011101 
01000010110001001000000000111011 01000011110110110011001100111110 01000100000011100110100001000100 11000010010110101101011101100100 

