result1:
01001010000010000010101011000001 01001010100111000000011001110101 11001000011111010101101000101100 11001010000011000111100010010100 
11000111101100000101111011001001 11001000000001100011111100011100 01000101101000001100011100110101 01000111011011111110001011100110 
01000111001110110110110111110100 01001010110011011011100111101100 11001000101010001010111111111010 11001000100001111011011111001011 
01001001001111110000101101001001 01001010100011001100001000000110 01001010010111011111111101100000 11001000000100110110100110111011 

result2:
01001011001000000000010101000101 01001010101010000001010010110100 01001001001100111011110100010010 11001001001000011010111000110100 
11001010000100010010100101000000 11001000011000101010110111101000 11001010101000011110000010110111 11001001111110100010001000111000 
11001011001011011100101101111110 01001010101111001100100110000100 11001000101000100011000100011111 11001001111110111011001000101001 
01001001001011100101110100001111 01001010100011001001110100101011 01001010011110101000110000011001 01000110000111001100011000110000 

result3:
01001011000111010011101110100011 01001010101100110011001000011001 01001001001000000100010001011000 11001001001000001010000000010111 
01001010101110100101110010011010 11001010001001101101100001100001 11001010101000110001111000101101 11001010001010001010110111010011 
11001011001011000011111000000001 01001000101001110000001101100101 11001000100010001110111011011000 11001010011000110100001100110000 
01001001000010110011010000000100 01001000101000101001010111110110 01001010011111011010010010001110 11001001111011010110001111001101 

result4:
01001011000101101110000000100010 01001010101101100000000000101010 11001000010010000110000011100100 11000111110110110111010000101100 
01001010101110010010100001101011 11001010001010010010110000110010 11001010101000110101010010001111 11001010001010100001100110101100 
11001011001011000001110011000011 01001000101001110000100011000101 11001000100000001000111011001110 11001010011000100000110110101010 
01001000001111110001011000011000 01000111110010001000100100101110 01001010011011011010111101100110 11001001100000111010010010000000 

result5:
01001011000101100001011011100101 01001010101010111100001101110000 11001000000010010001101001010000 11001000100101011111010000101110 
01001010101110011011111010110001 11001010000001000101110000001000 11001010101001111011000110001001 11001001111100000001111111001100 
11001011001011000100011100110001 01001000101000010010101100011111 11000111111101100011010101000010 11001010010101100010100001101110 
01001000100000000100001010110010 11001000100001100111010011000101 01001011011001100111011011110011 11001001111011111000011111011110 

result6:
01001011011010101000011010100010 01001010110101010000100001011100 11001001010110001000000110101011 11001001001000011111101110010100 
01001010101100110111100010011111 01001010000101011011111101000110 11001010101010000100101011110011 11001001111000000001000011010111 
11001011001011101011110001011010 01000111110110101000011100000010 11000111110110100000111011111010 11001010010101010110110000010111 
11001000101101001011000111101011 11001000101000000010011010111111 01001011011010001101111100110010 11001001111010101100110011110000 

result7:
01001011011001111010010110010100 01001010110010101000110001101110 11001010000100001001101101110011 11001001001001000010110110000011 
01001010101100000001001111011100 01001010000010000110001011101111 11001010111000011111111101010001 11001010000000110000100111111100 
11001011001101010100000010001110 11001001001001110000011111011111 11001001111100100010101000010111 11001010010010110101011101001110 
11001010101000001101110000010011 11001010110110110100010011101011 01001011100100011001000110010101 11001001111101110111000111110001 

result8:
01001011010100010110010111001011 01001010000010010100000011010100 11001011000100001010010111101101 01001010101000000001101111111011 
01001010111001011000111001110100 01001010000000000010100110010111 11001011000000000110111100111100 01001011000001011100011111111001 
11001011001101111110000101110100 11001001010000011001001000100011 11001001111110001011001101110111 11001010100011111101111001011101 
11001010101000101111111010011110 11001010111111000000011001000010 01001011100001001101110110100111 11001010001110011101101011101001 

result9:
01001011010011110000010110100111 11001000101000010101011110111011 11001011000011110010000000110111 01001010100111101101100010001100 
01001010111010001101100000111010 01001000000001010111011110110111 11001011000000011111010101111011 01001010100001101101000000111010 
11001011001110110010110111000100 01001001111000110011100011111011 11001010001001010100101000101110 11001010100101010100110110001010 
11001010101000100101101111111000 11001010111111000001011010111101 01001011100001000101011001000111 01001001011111001101011011011000 

result10:
01001011010011110111011010110100 11001011001100110011111101001010 11001011001111011001001000000101 01001010100101100000000000000110 
01001010111010001001001001110101 11001000001101010100001101101010 11001010111110101110100110001011 01001010101000100010011101111001 
11001011001110110001011000010110 11001001010011111011010100011000 11001010010100010000110010001000 11001010100101110100011000110110 
11001010101000011111010111010000 11001011000000100110101110110110 01001011100010000111010011101101 01001001110001010011110000110111 

result11:
01001011010011010010110100100110 11001011001010110101100111111000 11001010110010111110000000111101 01001010011000011110010110110001 
01001010111011111100110001011111 11001000100110001101100100100000 11001011000010001101010011111010 01001010100001011000011100010000 
11001011001110101100010000100000 11001000111100101011100001000010 01001010000101101101001100110110 11001001110111101000010110101110 
11001010101000101011110101000001 11001011000000110110111100010010 01001011100010001110000011000000 01001010000101011111100011100110 

result12:
01001011100000001110000000110011 11001011001010101111101010000010 11001010110111101100110101110000 01001010011111010001111100101010 
01001010111011111010110010101101 11001000100100011110010111110000 11001011001001001001110011101110 01001010101000011100101000001000 
11001011000111110111100110010101 01001000111111110110001000100000 01001010011101011010000010111100 11001001110100101100001001101011 
11001011010011111010101110001000 11001011000001000010000001101111 01001011100001101111101011001110 01001010000010000100011000111011 

result13:
01001011100000010000110000001101 11001011001101101010001010000101 11001010101110100110011100110000 01001010100010100010011011111001 
01001010111011110111001011111010 01000101111111101001001011111100 11001011001001010100011001001101 01001010101000111001010110010101 
11001011000111111001010011010100 11001000100001101011001110100010 01001010100000011101011100110000 11001001110011011011010100111111 
11001011010100000011101011110010 11001011011101010011100000011001 01001011100010010000111100100001 01001001101000000111101011000000 

result14:
01001011100000010111101100001100 11001011001101011110101111100111 11001010110001100001101101000010 01001010101111100011100010010011 
01001001110101010000011010110011 11001000110001010110011101011110 11001010111000011011110011111111 01001011001000101110101010111101 
11001010001011101000001110100101 11001000100111001000001000011001 01001010100001011110111011001011 11001001100101011101101111010111 
11001011010001010000100100110001 11001011011101010001010000111001 01001011100010010001011111111000 11001001000011101000011000000000 

result15:
01001011100100011110001001011000 11001011001101001101010100001110 11001010100101010110011111101000 01001010100110101000000101110011 
01001001111110110101000001101010 01001010000100111100101110011010 11001010111001000010101110001110 01001011001011000101000010100111 
11001010001011010010110011100011 11001000101010000011000010010101 01001010100001010101100010110110 11001001100101101100000000101100 
11001011010001011110110010011100 11001011011101011011111000110000 01001011100010001101011110001111 11001001000000010010001000010000 

result16:
01001011100101001001100000000000 11001011010110111101111001001101 11001011001010010010010110110010 01001010011100111000000010010011 
01001001111111000011100001111101 01001010000110010100111100100000 11001010111011001101010001001011 01001011001011110011001101101000 
11001010001011100110101010010110 11001000111001010110110000101011 01001010110011001000010000001100 11000110011011000000010110001010 
11001011010001011011000011000101 11001011011101110011101000010000 01001011100010000011000111000001 11000111000011101010000000110001 

result17:
01001011101010001011001100110111 11001011010001110101100011011011 11001011001100100011111000101010 01001011001000011100101010011010 
01001010011011001001101111100100 01001010000101101111101000110101 11001010111001111000100001100111 01001011100110010000001000100000 
11001001110011001110010000010110 11001001100001011101001001000001 11001010100010100010001100101011 11001010111011000110011011111000 
11001011010100100000100011111111 11001011011100101010001111101011 01001011100110010011011111110101 11001010100001100011101011100010 

result18:
01001011101000001100110000110111 11001011010000111111100101010000 11001001110011010001011001101101 01001011010001001100000101101001 
01001010011100111101001001001110 01001010010100111001110000111100 11001010111010011100111000111101 01001010111010101101010000001011 
11001001111111010111111001010100 01001010001000100000000110010010 01001000011010011100111101111110 11001011100001100010110001100110 
11001011010100010001100110001000 11001011001011010010000100001100 01001011100110010100011111000000 11001010101010101111110100011111 

result19:
01001011101100010001011011010010 11001011010001000000111100101110 11001010100101110010101100110001 01001011010011101000111101010110 
11001001001100000110100110110011 01001010010110010110011001100100 11001011000100011111010100001101 01001010111001111000110010011111 
11001001111111001000100100100000 01001010000111100111111111110001 11001000001111111110000111000010 11001011100001011011011110100111 
11001011010100010001101100010110 11001011001011010011001010101001 01001011010011101101101101000010 11001010100011110100000110000010 

result20:
01001011100010111001100000110010 11001010111100011001100110001101 11001010100101100101101100101101 01001011010011000011011011100011 
11001011001011110011100100000100 01001011010011000011101101101001 11001011000101000100111010000011 01001010111010001101001010101111 
11001001111100111000101100011011 01001001110000100110100001100010 11001001011000011010111111101111 11001011100001001000100110110001 
11001011010011100010010010001111 11001011001100100111100111001111 01001011010100101001010011001000 11001010100011000011101110001111 

